RS_number	rs352140	rs353547	rs7618915	rs11717383	rs34135146	rs61734645	rs4434138	rs12489828	rs2878628	rs2577831	rs1108842	rs11235	rs2302417	rs2710323	rs1042779	rs2535629	rs3617	rs4687552	rs2535627	rs2239547	rs6445541	rs9836178	rs36051354	rs2581794	rs2115780	rs1080500	rs2358740
rs352140	1.0	0.864	0.842	0.796	0.985	0.983	0.499	0.368	0.473	0.466	0.497	0.516	0.462	0.421	0.308	0.286	0.417	0.416	0.402	0.343	0.33	0.224	0.262	0.238	0.243	0.363	0.2
rs353547	0.864	1.0	0.922	0.927	0.987	0.984	0.412	0.445	0.473	0.575	0.573	0.61	0.445	0.523	0.335	0.385	0.533	0.388	0.548	0.324	0.3	0.292	0.342	0.32	0.314	0.356	0.204
rs7618915	0.842	0.922	1.0	0.996	1.0	1.0	0.491	0.472	0.593	0.613	0.575	0.611	0.414	0.565	0.435	0.518	0.55	0.385	0.572	0.302	0.226	0.284	0.37	0.398	0.338	0.275	0.154
rs11717383	0.796	0.927	0.996	1.0	1.0	1.0	0.456	0.522	0.536	0.585	0.568	0.645	0.448	0.546	0.508	0.462	0.532	0.403	0.507	0.326	0.334	0.236	0.358	0.363	0.343	0.233	0.022
rs34135146	0.985	0.987	1.0	1.0	1.0	1.0	0.886	0.878	0.854	0.854	0.862	0.843	0.856	0.825	0.786	0.701	0.72	0.764	0.717	0.679	0.694	0.594	0.731	0.651	0.753	0.56	0.306
rs61734645	0.983	0.984	1.0	1.0	1.0	1.0	0.954	0.962	0.966	0.979	0.98	0.976	0.933	0.936	0.911	0.802	0.843	0.852	0.825	0.835	0.861	0.818	0.75	0.751	0.698	0.749	0.395
rs4434138	0.499	0.412	0.491	0.456	0.886	0.954	1.0	0.949	0.872	0.823	0.832	0.812	0.764	0.748	0.756	0.613	0.615	0.701	0.646	0.625	0.429	0.525	0.436	0.404	0.367	0.484	0.317
rs12489828	0.368	0.445	0.472	0.522	0.878	0.962	0.949	1.0	0.604	0.906	0.766	0.889	0.737	0.834	0.663	0.565	0.736	0.753	0.747	0.671	0.605	0.639	0.499	0.458	0.426	0.573	0.287
rs2878628	0.473	0.473	0.593	0.536	0.854	0.966	0.872	0.604	1.0	0.926	0.978	0.987	0.704	0.853	0.775	0.677	0.688	0.725	0.626	0.654	0.462	0.527	0.462	0.489	0.394	0.477	0.242
rs2577831	0.466	0.575	0.613	0.585	0.854	0.979	0.823	0.906	0.926	1.0	0.953	0.99	0.849	0.925	0.896	0.705	0.794	0.781	0.731	0.702	0.692	0.652	0.489	0.495	0.425	0.595	0.193
rs1108842	0.497	0.573	0.575	0.568	0.862	0.98	0.832	0.766	0.978	0.953	1.0	0.994	0.871	0.883	0.872	0.587	0.744	0.793	0.688	0.714	0.689	0.587	0.49	0.47	0.422	0.614	0.23
rs11235	0.516	0.61	0.611	0.645	0.843	0.976	0.812	0.889	0.987	0.99	0.994	1.0	0.927	0.975	0.979	0.791	0.785	0.827	0.774	0.758	0.765	0.739	0.494	0.517	0.434	0.56	0.179
rs2302417	0.462	0.445	0.414	0.448	0.856	0.933	0.764	0.737	0.704	0.849	0.871	0.927	1.0	0.928	0.72	0.589	0.815	0.711	0.749	0.639	0.598	0.523	0.563	0.437	0.497	0.678	0.346
rs2710323	0.421	0.523	0.565	0.546	0.825	0.936	0.748	0.834	0.853	0.925	0.883	0.975	0.928	1.0	0.972	0.772	0.845	0.8	0.787	0.721	0.703	0.702	0.56	0.561	0.49	0.607	0.188
rs1042779	0.308	0.335	0.435	0.508	0.786	0.911	0.756	0.663	0.775	0.896	0.872	0.979	0.72	0.972	1.0	0.841	0.873	0.789	0.774	0.709	0.533	0.583	0.508	0.594	0.443	0.432	0.172
rs2535629	0.286	0.385	0.518	0.462	0.701	0.802	0.613	0.565	0.677	0.705	0.587	0.791	0.589	0.772	0.841	1.0	0.992	0.917	0.905	0.864	0.575	0.807	0.58	0.676	0.481	0.332	0.072
rs3617	0.417	0.533	0.55	0.532	0.72	0.843	0.615	0.736	0.688	0.794	0.744	0.785	0.815	0.845	0.873	0.992	1.0	0.914	0.943	0.858	0.869	0.816	0.576	0.596	0.475	0.598	0.151
rs4687552	0.416	0.388	0.385	0.403	0.764	0.852	0.701	0.753	0.725	0.781	0.793	0.827	0.711	0.8	0.789	0.917	0.914	1.0	0.996	0.952	0.735	0.739	0.623	0.593	0.552	0.488	0.268
rs2535627	0.402	0.548	0.572	0.507	0.717	0.825	0.646	0.747	0.626	0.731	0.688	0.774	0.749	0.787	0.774	0.905	0.943	0.996	1.0	0.96	0.938	0.871	0.569	0.587	0.47	0.659	0.198
rs2239547	0.343	0.324	0.302	0.326	0.679	0.835	0.625	0.671	0.654	0.702	0.714	0.758	0.639	0.721	0.709	0.864	0.858	0.952	0.96	1.0	0.992	0.831	0.755	0.711	0.665	0.472	0.259
rs6445541	0.33	0.3	0.226	0.334	0.694	0.861	0.429	0.605	0.462	0.692	0.689	0.765	0.598	0.703	0.533	0.575	0.869	0.735	0.938	0.992	1.0	0.812	0.705	0.58	0.589	0.699	0.316
rs9836178	0.224	0.292	0.284	0.236	0.594	0.818	0.525	0.639	0.527	0.652	0.587	0.739	0.523	0.702	0.583	0.807	0.816	0.739	0.871	0.831	0.812	1.0	0.98	0.946	0.801	0.466	0.216
rs36051354	0.262	0.342	0.37	0.358	0.731	0.75	0.436	0.499	0.462	0.489	0.49	0.494	0.563	0.56	0.508	0.58	0.576	0.623	0.569	0.755	0.705	0.98	1.0	0.889	0.859	0.818	0.262
rs2581794	0.238	0.32	0.398	0.363	0.651	0.751	0.404	0.458	0.489	0.495	0.47	0.517	0.437	0.561	0.594	0.676	0.596	0.593	0.587	0.711	0.58	0.946	0.889	1.0	0.784	0.581	0.166
rs2115780	0.243	0.314	0.338	0.343	0.753	0.698	0.367	0.426	0.394	0.425	0.422	0.434	0.497	0.49	0.443	0.481	0.475	0.552	0.47	0.665	0.589	0.801	0.859	0.784	1.0	0.961	0.36
rs1080500	0.363	0.356	0.275	0.233	0.56	0.749	0.484	0.573	0.477	0.595	0.614	0.56	0.678	0.607	0.432	0.332	0.598	0.488	0.659	0.472	0.699	0.466	0.818	0.581	0.961	1.0	0.34
rs2358740	0.2	0.204	0.154	0.022	0.306	0.395	0.317	0.287	0.242	0.193	0.23	0.179	0.346	0.188	0.172	0.072	0.151	0.268	0.198	0.259	0.316	0.216	0.262	0.166	0.36	0.34	1.0