RS_number	rs73344830	rs9665626	rs10883765	rs11191392	rs3740397	rs11191419	rs11191424	rs7085104	rs12765002	rs3740393	rs10883795	rs11191454	rs7897654	rs12260436	rs55833108	rs1890184	rs7914558	rs10786736	rs10883832	rs11191580	rs11191582	rs77420391	rs1163085
rs73344830	1.0	0.002	0.001	0.002	0.003	0.004	0.002	0.002	0.001	0.0	0.001	0.0	0.001	0.0	0.0	0.001	0.003	0.0	0.0	0.0	0.0	0.0	0.0
rs9665626	0.002	1.0	0.698	0.139	0.131	0.142	0.12	0.121	0.203	0.253	0.171	0.309	0.172	0.137	0.009	0.111	0.11	0.269	0.296	0.306	0.283	0.259	0.022
rs10883765	0.001	0.698	1.0	0.2	0.16	0.164	0.142	0.137	0.235	0.304	0.207	0.38	0.209	0.164	0.01	0.134	0.132	0.329	0.361	0.376	0.352	0.32	0.037
rs11191392	0.002	0.139	0.2	1.0	0.231	0.214	0.202	0.2	0.161	0.119	0.147	0.128	0.145	0.109	0.014	0.157	0.181	0.11	0.13	0.127	0.12	0.128	0.054
rs3740397	0.003	0.131	0.16	0.231	1.0	0.695	0.65	0.651	0.459	0.161	0.328	0.308	0.325	0.249	0.015	0.542	0.499	0.274	0.31	0.304	0.29	0.282	0.126
rs11191419	0.004	0.142	0.164	0.214	0.695	1.0	0.94	0.95	0.608	0.284	0.442	0.263	0.438	0.454	0.049	0.665	0.733	0.235	0.27	0.26	0.249	0.264	0.203
rs11191424	0.002	0.12	0.142	0.202	0.65	0.94	1.0	0.982	0.627	0.313	0.42	0.272	0.417	0.434	0.048	0.645	0.714	0.242	0.278	0.269	0.257	0.278	0.232
rs7085104	0.002	0.121	0.137	0.2	0.651	0.95	0.982	1.0	0.635	0.298	0.409	0.275	0.405	0.422	0.047	0.633	0.702	0.246	0.282	0.272	0.26	0.276	0.229
rs12765002	0.001	0.203	0.235	0.161	0.459	0.608	0.627	0.635	1.0	0.491	0.683	0.428	0.678	0.171	0.028	0.475	0.44	0.395	0.433	0.418	0.397	0.423	0.142
rs3740393	0.0	0.253	0.304	0.119	0.161	0.284	0.313	0.298	0.491	1.0	0.494	0.635	0.495	0.466	0.025	0.353	0.33	0.594	0.643	0.621	0.591	0.638	0.116
rs10883795	0.001	0.171	0.207	0.147	0.328	0.442	0.42	0.409	0.683	0.494	1.0	0.324	0.995	0.357	0.05	0.707	0.656	0.293	0.327	0.316	0.3	0.323	0.18
rs11191454	0.0	0.309	0.38	0.128	0.308	0.263	0.272	0.275	0.428	0.635	0.324	1.0	0.326	0.312	0.016	0.232	0.217	0.889	0.952	0.979	0.934	0.867	0.077
rs7897654	0.001	0.172	0.209	0.145	0.325	0.438	0.417	0.405	0.678	0.495	0.995	0.326	1.0	0.359	0.049	0.712	0.66	0.295	0.329	0.317	0.302	0.325	0.183
rs12260436	0.0	0.137	0.164	0.109	0.249	0.454	0.434	0.422	0.171	0.466	0.357	0.312	0.359	1.0	0.051	0.616	0.689	0.282	0.322	0.311	0.297	0.321	0.201
rs55833108	0.0	0.009	0.01	0.014	0.015	0.049	0.048	0.047	0.028	0.025	0.05	0.016	0.049	0.051	1.0	0.068	0.073	0.017	0.017	0.016	0.015	0.017	0.13
rs1890184	0.001	0.111	0.134	0.157	0.542	0.665	0.645	0.633	0.475	0.353	0.707	0.232	0.712	0.616	0.068	1.0	0.923	0.207	0.24	0.232	0.22	0.238	0.261
rs7914558	0.003	0.11	0.132	0.181	0.499	0.733	0.714	0.702	0.44	0.33	0.656	0.217	0.66	0.689	0.073	0.923	1.0	0.191	0.225	0.217	0.207	0.224	0.286
rs10786736	0.0	0.269	0.329	0.11	0.274	0.235	0.242	0.246	0.395	0.594	0.293	0.889	0.295	0.282	0.017	0.207	0.191	1.0	0.92	0.888	0.847	0.836	0.088
rs10883832	0.0	0.296	0.361	0.13	0.31	0.27	0.278	0.282	0.433	0.643	0.327	0.952	0.329	0.322	0.017	0.24	0.225	0.92	1.0	0.966	0.922	0.91	0.081
rs11191580	0.0	0.306	0.376	0.127	0.304	0.26	0.269	0.272	0.418	0.621	0.316	0.979	0.317	0.311	0.016	0.232	0.217	0.888	0.966	1.0	0.954	0.88	0.077
rs11191582	0.0	0.283	0.352	0.12	0.29	0.249	0.257	0.26	0.397	0.591	0.3	0.934	0.302	0.297	0.015	0.22	0.207	0.847	0.922	0.954	1.0	0.92	0.077
rs77420391	0.0	0.259	0.32	0.128	0.282	0.264	0.278	0.276	0.423	0.638	0.323	0.867	0.325	0.321	0.017	0.238	0.224	0.836	0.91	0.88	0.92	1.0	0.083
rs1163085	0.0	0.022	0.037	0.054	0.126	0.203	0.232	0.229	0.142	0.116	0.18	0.077	0.183	0.201	0.13	0.261	0.286	0.088	0.081	0.077	0.077	0.083	1.0
