RS_number	rs352140	rs353547	rs7618915	rs11717383	rs34135146	rs61734645	rs4434138	rs12489828	rs2878628	rs2577831	rs1108842	rs11235	rs2302417	rs2710323	rs1042779	rs2535629	rs3617	rs4687552	rs2535627	rs2239547	rs6445541	rs9836178	rs36051354	rs2581794	rs2115780	rs1080500	rs2358740
rs352140	1.0	0.558	0.432	0.437	0.065	0.027	0.182	0.113	0.208	0.145	0.183	0.138	0.191	0.116	0.092	0.062	0.104	0.109	0.101	0.058	0.078	0.026	0.024	0.02	0.021	0.055	0.015
rs353547	0.558	1.0	0.694	0.443	0.087	0.036	0.166	0.124	0.179	0.164	0.181	0.144	0.166	0.133	0.08	0.084	0.127	0.127	0.14	0.069	0.086	0.06	0.03	0.027	0.027	0.071	0.02
rs7618915	0.432	0.694	1.0	0.417	0.11	0.046	0.201	0.114	0.23	0.153	0.149	0.118	0.117	0.127	0.111	0.124	0.11	0.143	0.124	0.073	0.044	0.07	0.029	0.033	0.025	0.052	0.014
rs11717383	0.437	0.443	0.417	1.0	0.046	0.019	0.104	0.225	0.184	0.331	0.301	0.312	0.123	0.282	0.185	0.195	0.245	0.071	0.232	0.036	0.055	0.02	0.064	0.066	0.062	0.016	0.0
rs34135146	0.065	0.087	0.11	0.046	1.0	0.42	0.072	0.043	0.052	0.032	0.037	0.025	0.055	0.03	0.04	0.025	0.021	0.062	0.021	0.063	0.045	0.045	0.012	0.01	0.014	0.05	0.017
rs61734645	0.027	0.036	0.046	0.019	0.42	1.0	0.035	0.022	0.028	0.018	0.02	0.014	0.027	0.016	0.022	0.014	0.012	0.032	0.012	0.04	0.029	0.036	0.005	0.005	0.005	0.038	0.012
rs4434138	0.182	0.166	0.201	0.104	0.072	0.035	1.0	0.549	0.594	0.329	0.373	0.249	0.475	0.266	0.401	0.207	0.165	0.425	0.189	0.264	0.181	0.2	0.048	0.041	0.036	0.134	0.05
rs12489828	0.113	0.124	0.114	0.225	0.043	0.022	0.549	1.0	0.284	0.653	0.519	0.488	0.406	0.542	0.382	0.289	0.387	0.299	0.414	0.185	0.219	0.18	0.103	0.087	0.079	0.114	0.025
rs2878628	0.208	0.179	0.23	0.184	0.052	0.028	0.594	0.284	1.0	0.532	0.659	0.469	0.476	0.442	0.539	0.323	0.263	0.356	0.227	0.226	0.164	0.157	0.069	0.077	0.053	0.102	0.023
rs2577831	0.145	0.164	0.153	0.331	0.032	0.018	0.329	0.653	0.532	1.0	0.818	0.761	0.429	0.837	0.555	0.438	0.565	0.257	0.499	0.161	0.228	0.15	0.124	0.128	0.099	0.098	0.009
rs1108842	0.183	0.181	0.149	0.301	0.037	0.02	0.373	0.519	0.659	0.818	1.0	0.692	0.501	0.687	0.583	0.336	0.447	0.293	0.399	0.185	0.251	0.134	0.112	0.104	0.088	0.116	0.014
rs11235	0.138	0.144	0.118	0.312	0.025	0.014	0.249	0.488	0.469	0.761	0.692	1.0	0.397	0.754	0.515	0.427	0.534	0.223	0.499	0.146	0.217	0.149	0.163	0.179	0.132	0.068	0.006
rs2302417	0.191	0.166	0.117	0.123	0.055	0.027	0.475	0.406	0.476	0.429	0.501	0.397	1.0	0.502	0.447	0.235	0.354	0.357	0.312	0.225	0.287	0.161	0.098	0.059	0.08	0.214	0.049
rs2710323	0.116	0.133	0.127	0.282	0.03	0.016	0.266	0.542	0.442	0.837	0.687	0.754	0.502	1.0	0.64	0.514	0.653	0.263	0.59	0.167	0.231	0.169	0.166	0.168	0.134	0.1	0.008
rs1042779	0.092	0.08	0.111	0.185	0.04	0.022	0.401	0.382	0.539	0.555	0.583	0.515	0.447	0.64	1.0	0.556	0.472	0.379	0.387	0.238	0.196	0.173	0.093	0.127	0.074	0.075	0.01
rs2535629	0.062	0.084	0.124	0.195	0.025	0.014	0.207	0.289	0.323	0.438	0.336	0.427	0.235	0.514	0.556	1.0	0.776	0.402	0.672	0.278	0.179	0.26	0.154	0.209	0.111	0.035	0.001
rs3617	0.104	0.127	0.11	0.245	0.021	0.012	0.165	0.387	0.263	0.565	0.447	0.534	0.354	0.653	0.472	0.776	1.0	0.314	0.853	0.216	0.323	0.21	0.192	0.206	0.137	0.089	0.005
rs4687552	0.109	0.127	0.143	0.071	0.062	0.032	0.425	0.299	0.356	0.257	0.293	0.223	0.357	0.263	0.379	0.402	0.314	1.0	0.389	0.706	0.476	0.457	0.085	0.077	0.07	0.157	0.042
rs2535627	0.101	0.14	0.124	0.232	0.021	0.012	0.189	0.414	0.227	0.499	0.399	0.499	0.312	0.59	0.387	0.672	0.853	0.389	1.0	0.282	0.392	0.249	0.18	0.192	0.129	0.112	0.009
rs2239547	0.058	0.069	0.073	0.036	0.063	0.04	0.264	0.185	0.226	0.161	0.185	0.146	0.225	0.167	0.238	0.278	0.216	0.706	0.282	1.0	0.675	0.643	0.097	0.086	0.079	0.188	0.05
rs6445541	0.078	0.086	0.044	0.055	0.045	0.029	0.181	0.219	0.164	0.228	0.251	0.217	0.287	0.231	0.196	0.179	0.323	0.476	0.392	0.675	1.0	0.486	0.123	0.083	0.09	0.284	0.051
rs9836178	0.026	0.06	0.07	0.02	0.045	0.036	0.2	0.18	0.157	0.15	0.134	0.149	0.161	0.169	0.173	0.26	0.21	0.457	0.249	0.643	0.486	1.0	0.175	0.164	0.123	0.171	0.032
rs36051354	0.024	0.03	0.029	0.064	0.012	0.005	0.048	0.103	0.069	0.124	0.112	0.163	0.098	0.166	0.093	0.154	0.192	0.085	0.18	0.097	0.123	0.175	1.0	0.788	0.701	0.096	0.009
rs2581794	0.02	0.027	0.033	0.066	0.01	0.005	0.041	0.087	0.077	0.128	0.104	0.179	0.059	0.168	0.127	0.209	0.206	0.077	0.192	0.086	0.083	0.164	0.788	1.0	0.586	0.049	0.004
rs2115780	0.021	0.027	0.025	0.062	0.014	0.005	0.036	0.079	0.053	0.099	0.088	0.132	0.08	0.134	0.074	0.111	0.137	0.07	0.129	0.079	0.09	0.123	0.701	0.586	1.0	0.14	0.017
rs1080500	0.055	0.071	0.052	0.016	0.05	0.038	0.134	0.114	0.102	0.098	0.116	0.068	0.214	0.1	0.075	0.035	0.089	0.157	0.112	0.188	0.284	0.171	0.096	0.049	0.14	1.0	0.102
rs2358740	0.015	0.02	0.014	0.0	0.017	0.012	0.05	0.025	0.023	0.009	0.014	0.006	0.049	0.008	0.01	0.001	0.005	0.042	0.009	0.05	0.051	0.032	0.009	0.004	0.017	0.102	1.0